20210818083349
20190709140415
20190730153555
20190805140346
20190808144607
20190809073736
20190819134252
20190819145355
20190822143413
20190917115911
20190917120039
20190917120047
20190917120856
20190917151652
20190920122228
20191014160538
20191023183120
20191024150452
20191113142816
20191114084643
20191127113700
20191128081324
20191209141641
20191211101608
20191211113341
20191211153436
20191218103727
20200114113700
20200130165328
20200210100938
20200211170134
20200218144724
20200226174444
20200227100001
20200304155418
20200319101825
20200319103836
20200326120134
20200331164240
20200401161821
20200407135256
20200409075320
20200421174642
20200422090426
20200423171759
20200429191305
20200611122406
20200630140356
20200707082256
20200707082260
20200707082261
20200715143010
20200722135121
20200819153016
20200902103047
20200930143755
20201002124154
20201103165913
20201104163658
20201105131443
20201110155516
20201117122923
20210107143316
20210107143938
20210112120658
20210113084256
20210113150013
20210114224721
20210120121240
20210121134435
20210204180955
20210307143807
20210311141956
20210317094648
20210318090000
20210318090001
20210330112235
20210331123709
20210331184808
20210402163003
20210407174523
20210409075105
20210409130604
20210412092710
20210416074049
20210416160721
20210419100831
20210422101149
20210427112642
20210427120000
20210427120001
20210427120002
20210427124500
20210428104228
20210504115445
20210506135603
20210512175228
20210604095054
20210722083911
20210722133440
20210722133531
20210722133553
20210727172504
20210721140812
20210721162213
20210826161956
20210908162000
20210908170019
20210915083823
20210923083416
20211001143403
20211005133027
20211006164955
20211011083203
20211011102957
20211012100819
20211013131241
20211020104237
20211026082232
20211026131800
20211104102349
20211110095853
20211115112933
20211119112046
20211124111429
20210630101808
20211124134220
20211126080118
20211126150915
20211126152402
20211127133549
20211127143736
20211201135804
20211202133139
20211214145059
20220127135056
20220204093401
20220204130722
20220301160753
20220302101337
20220308110720
20220315113510
20220322110900
20220323064705
20220323113048
20220323113152
20220323113327
20220323120846
20220323143325
20220405100354
20220405163206
20220407081538
20220907223114
